25,1
25,3
0,484
3,2
3,1
3,3
10,123
10,177
10,117
10,301
132,3
10,213
132,2
132,1
132,0
131,5
131,4
131,3
10,111
10,5
10,2
10,3
131,2
131,1
131,0
130,4
130,3
11,16
11,21
11,4
11,13
130,2
130,1
130,0
129,8
129,7
129,6
129,5
129,4
129,3
11,17
11,14
129,2
129,1
129,0
125,5
125,4
125,3
9,5
9,7
9,2
9,3
125,2
125,1
125,0
123,5
123,4
123,3
8,8
8,18
123,2
123,1
123,0
122,4
122,3
8,15
8,11
122,2
122,1
122,0
121,3
8,13
8,2
8,3
121,2
121,1
121,0
118,4
118,3
118,2
118,1
118,0
116,3
116,1
115,3
115,1
111,3
111,1
108,3
108,1
106,3
106,1
102,4
102,3
102,1
96,4
96,3
96,1
86,3
86,1
80,3
80,1
76,6
76,3
76,1
66,3
66,1
59,4
59,3
59,1
49,3
49,1
43,4
43,1
37,3
37,1
34,3
34,1
20,3
20,2
20,1
19,3
19,2
19,1
